0
31 31 31 31 31 31
31 31 31 30 31 31
31 31 31 29 31 31
31 31 31 28 31 31
31 31 31 27 31 31
31 31 31 26 31 31
31 31 31 25 31 31
31 31 31 24 31 31
31 31 31 23 31 31
31 31 31 22 31 31
31 31 31 21 31 31
31 31 31 20 31 31
31 31 31 19 31 31
31 31 31 18 31 31
31 31 31 17 31 31
31 31 31 16 31 31
31 31 31 15 31 31
31 31 31 14 31 31
31 31 31 13 31 31
31 31 31 12 31 31
31 31 31 11 31 31
31 31 31 10 31 31
31 31 31 9 31 31
31 31 31 8 31 31
31 31 31 7 31 31
31 31 31 6 31 31
31 31 31 5 31 31
31 31 31 4 31 31
31 31 31 3 31 31
31 31 31 2 31 31
31 31 31 1 31 31
31 31 31 0 31 31
31 31 30 31 31 31
31 31 30 30 31 31
31 31 30 29 31 31
31 31 30 28 31 31
31 31 30 27 31 31
31 31 30 26 31 31
31 31 30 25 31 31
31 31 30 24 31 31
31 31 30 23 31 31
31 31 30 22 31 31
31 31 30 21 31 31
31 31 30 20 31 31
31 31 30 19 31 31
31 31 30 18 31 31
31 31 30 17 31 31
31 31 30 16 31 31
31 31 30 15 31 31
31 31 30 14 31 31
31 31 30 13 31 31
31 31 30 12 31 31
31 31 30 11 31 31
31 31 30 10 31 31
31 31 30 9 31 31
31 31 30 8 31 31
31 31 30 7 31 31
31 31 30 6 31 31
31 31 30 5 31 31
31 31 30 4 31 31
31 31 30 3 31 31
31 31 30 2 31 31
31 31 30 1 31 31
31 31 30 0 31 31
30 31 31 31 31 31
30 31 31 30 31 31
30 31 31 29 31 31
30 31 31 28 31 31
30 31 31 27 31 31
30 31 31 26 31 31
30 31 31 25 31 31
30 31 31 24 31 31
30 31 31 23 31 31
30 31 31 22 31 31
30 31 31 21 31 31
30 31 31 20 31 31
30 31 31 19 31 31
30 31 31 18 31 31
30 31 31 17 31 31
30 31 31 16 31 31
30 31 31 15 31 31
30 31 31 14 31 31
30 31 31 13 31 31
30 31 31 12 31 31
30 31 31 11 31 31
30 31 31 10 31 31
30 31 31 9 31 31
30 31 31 8 31 31
30 31 31 7 31 31
30 31 31 6 31 31
30 31 31 5 31 31
30 31 31 4 31 31
30 31 31 3 31 31
30 31 31 2 31 31
30 31 31 1 31 31
30 31 31 0 31 31
30 31 30 31 31 31
30 31 30 30 31 31
30 31 30 29 31 31
30 31 30 28 31 31
30 31 30 27 31 31
30 31 30 26 31 31
30 31 30 25 31 31
30 31 30 24 31 31
30 31 30 23 31 31
30 31 30 22 31 31
30 31 30 21 31 31
30 31 30 20 31 31
30 31 30 19 31 31
30 31 30 18 31 31
30 31 30 17 31 31
30 31 30 16 31 31
30 31 30 15 31 31
30 31 30 14 31 31
30 31 30 13 31 31
30 31 30 12 31 31
30 31 30 11 31 31
30 31 30 10 31 31
30 31 30 9 31 31
30 31 30 8 31 31
30 31 30 7 31 31
30 31 30 6 31 31
30 31 30 5 31 31
30 31 30 4 31 31
30 31 30 3 31 31
30 31 30 2 31 31
30 31 30 1 31 31
30 31 30 0 31 31
31 31 31 31 30 31
31 31 31 30 30 31
31 31 31 29 30 31
31 31 31 28 30 31
31 31 31 27 30 31
31 31 31 26 30 31
31 31 31 25 30 31
31 31 31 24 30 31
31 31 31 23 30 31
31 31 31 22 30 31
31 31 31 21 30 31
31 31 31 20 30 31
31 31 31 19 30 31
31 31 31 18 30 31
31 31 31 17 30 31
31 31 31 16 30 31
31 31 31 15 30 31
31 31 31 14 30 31
31 31 31 13 30 31
31 31 31 12 30 31
31 31 31 11 30 31
31 31 31 10 30 31
31 31 31 9 30 31
31 31 31 8 30 31
31 31 31 7 30 31
31 31 31 6 30 31
31 31 31 5 30 31
31 31 31 4 30 31
31 31 31 3 30 31
31 31 31 2 30 31
31 31 31 1 30 31
31 31 31 0 30 31
31 31 30 31 30 31
31 31 30 30 30 31
31 31 30 29 30 31
31 31 30 28 30 31
31 31 30 27 30 31
31 31 30 26 30 31
31 31 30 25 30 31
31 31 30 24 30 31
31 31 30 23 30 31
31 31 30 22 30 31
31 31 30 21 30 31
31 31 30 20 30 31
31 31 30 19 30 31
31 31 30 18 30 31
31 31 30 17 30 31
31 31 30 16 30 31
31 31 30 15 30 31
31 31 30 14 30 31
31 31 30 13 30 31
31 31 30 12 30 31
31 31 30 11 30 31
31 31 30 10 30 31
31 31 30 9 30 31
31 31 30 8 30 31
31 31 30 7 30 31
31 31 30 6 30 31
31 31 30 5 30 31
31 31 30 4 30 31
31 31 30 3 30 31
31 31 30 2 30 31
31 31 30 1 30 31
31 31 30 0 30 31
30 31 31 31 30 31
30 31 31 30 30 31
30 31 31 29 30 31
30 31 31 28 30 31
30 31 31 27 30 31
30 31 31 26 30 31
30 31 31 25 30 31
30 31 31 24 30 31
30 31 31 23 30 31
30 31 31 22 30 31
30 31 31 21 30 31
30 31 31 20 30 31
30 31 31 19 30 31
30 31 31 18 30 31
30 31 31 17 30 31
30 31 31 16 30 31
30 31 31 15 30 31
30 31 31 14 30 31
30 31 31 13 30 31
30 31 31 12 30 31
30 31 31 11 30 31
30 31 31 10 30 31
30 31 31 9 30 31
30 31 31 8 30 31
30 31 31 7 30 31
30 31 31 6 30 31
30 31 31 5 30 31
30 31 31 4 30 31
30 31 31 3 30 31
30 31 31 2 30 31
30 31 31 1 30 31
30 31 31 0 30 31
30 31 30 31 30 31
30 31 30 30 30 31
30 31 30 29 30 31
30 31 30 28 30 31
30 31 30 27 30 31
30 31 30 26 30 31
30 31 30 25 30 31
30 31 30 24 30 31
30 31 30 23 30 31
30 31 30 22 30 31
30 31 30 21 30 31
30 31 30 20 30 31
30 31 30 19 30 31
30 31 30 18 30 31
30 31 30 17 30 31
30 31 30 16 30 31
30 31 30 15 30 31
30 31 30 14 30 31
30 31 30 13 30 31
30 31 30 12 30 31
30 31 30 11 30 31
30 31 30 10 30 31
30 31 30 9 30 31
30 31 30 8 30 31
30 31 30 7 30 31
30 31 30 6 30 31
30 31 30 5 30 31
30 31 30 4 30 31
30 31 30 3 30 31
30 31 30 2 30 31
30 31 30 1 30 31
30 31 30 0 30 31